javac CholeskyDemo.java
java CholeskyDemo
Input data:
    25.00000 15.00000 -5.00000 
    15.00000 18.00000 -.----- 
    -5.00000 -.----- 11.00000 

Cholesky:
    5.00000 -.----- -.----- 
    3.00000 3.00000 -.----- 
    -1.00000 1.00000 3.00000 

Back subst:
    25.00000 15.00000 -5.00000 
    15.00000 18.00000 -.----- 
    -5.00000 -.----- 11.00000 

Input data:
    18.00000 22.00000 54.00000 42.00000 
    22.00000 70.00000 86.00000 62.00000 
    54.00000 86.00000 174.00000 134.00000 
    42.00000 62.00000 134.00000 106.00000 

Cholesky:
    4.24264 -.----- -.----- -.----- 
    5.18545 6.56591 -.----- -.----- 
    12.72792 3.04604 1.64974 -.----- 
    9.89949 1.62455 1.84971 1.39262 

Back subst:
    18.00000 22.00000 54.00000 42.00000 
    22.00000 70.00000 86.00000 62.00000 
    54.00000 86.00000 174.00000 134.00000 
    42.00000 62.00000 134.00000 106.00000 

